5538
9
4
7
26
9
49
84
7
5
7
7
6
5
5
5
6
30
6
6
6
6
6
6
6
6
6
6
6
6
7
75
6
6
6
6
6
6
6
6
6
26
6
15
12
18
16
7
7
6
5
5
6
6
428
428
428
428
788
3634
5
5
269
35
97
20
24
27
20
35
27
4
9
110
159
15
15
12
32
32
37
37
37
37
50
9
9
9
9
37
37
37
37
37
37
37
37
50
9
9
9
9
37
37
37
37
29
79
12
12
12
12
9
7
183
11
51
7
12
12
12
12
184
81
12
12
12
12
9
8
11
45
16
7
12
12
12
12
4
4
4
4
4
11
5
5
4
9
29
20
38799
4
6
4
4
5
13
5
31
4
4
10
15
15
15
15
16
7
16
13
7
17
7
7
8
9
4
32
32
4
7
4
7
77288
20
4
9
6
6
9
14
46
143
143
143
143
143
143
143
143
9
9
375
25
9
17
25
9
17
17
7
15
33
835
11
79
5
5
5
5
5
5
5
5
5
5
5
5
5
5
5
5
49
24
24
33
22
2570
4
135
28
4
11
11
4
5
10
90
7
7
7
7
20
9
20
140
7
17
12
6
6
6
16
7
98
23
5
48
6
316
51
51
19
7
7
8
8
8
8
20
20
16
23
4
4
33
17
6
6
6
4
4
4
18
32
5
17
17
17
14
17
17
17
6
6
22
22
5
4
4
4
4
4
4
4
5
5
6
5
5
5
5
5
5
5
5
9
9
9
9
9
9
9
9
18108
4
26195
153
18
18
18
18
18
18
18
18
18
18
4
5
4
4
7
33344
14
59
8
5
8
12
5
4
1276
6
19755
14
6
6
19
137
9
652
36
5
7
11
5
5
5
5
4
4
4
4
4
4
4
5
5
5
5
5
16
23017
7
11
24
6
211
16
5
5
5
11
16
2663
82
218
53
1263
39911
2921
15
4
2546
13508
153
24
1222
1294
23
23
176
6737
34
6
29
7
8
278
6
6
6
36
5
29908
4
4
4
11
793
793
764
16
16
301
190
190
190
190
363
363
12
20
7
12
31
31
4
11
11
11
11
12
12
12
12
12
12
12
7
23
157
131
4514
4145
2348
82
82
82
82
31
68021
2297
917
4815
19
3094
4599
4
8
88
20
2245
26
26
47
47
4
5
36
9
9
9
9
9
9
9
9
9
9
9
9
9
9
9
9
12
15181
96
8200
2604
68
69
70
26
5
5
6
9
6
10
5
5
5
10
5
5
5
5
10
46548
34841
151
2642
22
9688
2645
158
158
2650
2639
158
158
122
17707
15
11
21
6
4
8
4
27
93
27
93
27
93
27
93
9
20
9
20
9
20
9
20
9
20
71325
57
104
387
4
31
29
29
29
77
4
66
4
4
7
9
7
11
6
6
4
958
952
404
177
177
1051
1660
756
3751
1836
1052
1673
818
3691
1835
1055
1662
757
3710
1826
1057
1658
754
3688
1829
1051
1658
831
3719
1821
1057
1653
754
3704
1812
1049
1666
761
3736
1819
1058
1659
754
3697
1828
1058
1671
826
3745
1813
1052
1659
725
3705
1847
1055
1659
821
3754
1830
1046
1658
754
3745
1835
1054
1662
756
3754
1826
1051
1677
754
3701
1838
1054
1677
756
3747
1827
1057
1658
824
3703
1834
1047
1660
772
3767
1817
1053
1664
824
3703
1827
1058
1667
757
3748
1822
1046
1658
754
3710
1848
1052
1658
754
3730
1837
1047
1670
754
3716
1822
1056
1667
754
3727
1823
1056
1660
754
3716
1841
1057
1659
754
3733
1831
1051
1666
754
3715
1833
1054
1657
754
3730
1825
1046
1665
754
3736
1830
1047
1664
754
3746
1819
1051
1663
754
3708
1827
1058
1655
754
3723
1815
1049
1657
770
3738
1836
137
140
140
140
137
137
137
137
140
137
137
137
140
137
140
140
140
137
140
137
137
140
140
137
256
318
303
14
100
321
45
14
100
45
167
11
28
4
10
16
16
17399
10
36
62
595
62
595
657
657
26
22
4079
31634
2443
549
549
549
549
25
27
64
66
8322
59
59
90
6
14
5
5
5
5
5
5
2370
5
4554
5
6260
5
5
6
6
6
6
6
6
6
6
18
10
6
18
10
6
18
10
6
18
10
6
455
455
455
455
96
150
150
150
150
483
2144
2088
513
11
11
9
9
6
6
8
20
15585
32
32
32
12
10
12
9
14
14
4
4
